object={
	name="rock_generator_1_0"
	clamp_to_water_level=no
	render_under_water=no
	generated_content=yes
	layer="rock_layer"
	pdxmesh="rock_Lshape_mesh"
	count=11
	transform="4862.924316 0.000000 319.323120 0.000000 0.057799 0.000000 -0.998328 0.885824 0.885824 0.885824
4883.323730 0.000000 308.169952 0.000000 0.803937 0.000000 -0.594715 0.709380 0.709380 0.709380
4875.629883 0.000000 312.674683 0.000000 0.977434 0.000000 -0.211243 0.587578 0.587578 0.587578
4883.425293 0.000000 307.070801 0.000000 0.478233 0.000000 -0.878233 0.849476 0.849476 0.849476
4883.101562 0.000000 332.052460 0.000000 0.312908 0.000000 0.949784 0.322072 0.322072 0.322072
4873.164062 0.000000 345.420929 0.000000 0.180451 0.000000 -0.983584 1.442244 1.442244 1.442244
4887.928711 0.000000 363.639313 0.000000 0.561497 0.000000 0.827479 0.405396 0.405396 0.405396
4877.364746 0.000000 364.123688 0.000000 0.997968 0.000000 0.063724 0.543842 0.543842 0.543842
4886.570801 0.000000 363.024963 0.000000 0.055379 0.000000 -0.998465 0.867519 0.867519 0.867519
4886.752930 0.000000 368.567841 0.000000 0.948813 0.000000 -0.315837 0.728373 0.728373 0.728373
4880.440918 0.000000 371.675171 0.000000 0.224024 0.000000 -0.974584 1.285273 1.285273 1.285273
"}
object={
	name="rock_generator_1_1"
	clamp_to_water_level=no
	render_under_water=no
	generated_content=yes
	layer="rock_layer"
	pdxmesh="rock_jagged_mesh"
	count=2
	transform="4868.729492 0.000000 333.072784 0.000000 0.099493 0.000000 -0.995038 0.719999 0.719999 0.719999
4872.077148 0.000000 344.990356 0.000000 0.897433 0.000000 0.441150 0.854571 0.854571 0.854571
"}
object={
	name="rock_generator_1_2"
	clamp_to_water_level=no
	render_under_water=no
	generated_content=yes
	layer="rock_layer"
	pdxmesh="rock_jagged_2_mesh"
	count=10
	transform="4859.569824 0.000000 311.013092 0.000000 0.360490 0.000000 -0.932763 1.065423 1.065423 1.065423
4863.444824 0.000000 319.381958 0.000000 0.941840 0.000000 0.336062 0.532847 0.532847 0.532847
4874.317383 0.000000 312.489655 0.000000 0.956973 0.000000 0.290178 0.500358 0.500358 0.500358
4877.682617 0.000000 311.096405 0.000000 0.566453 0.000000 0.824094 0.462480 0.462480 0.462480
4868.822266 0.000000 334.544189 0.000000 0.395002 0.000000 -0.918680 0.665163 0.665163 0.665163
4880.999512 0.000000 333.238983 0.000000 0.954675 0.000000 -0.297651 0.818928 0.818928 0.818928
4883.718750 0.000000 330.741272 0.000000 0.360862 0.000000 0.932619 0.495225 0.495225 0.495225
4879.037109 0.000000 362.831085 0.000000 0.957782 0.000000 0.287497 0.461852 0.461852 0.461852
4885.852051 0.000000 364.407074 0.000000 0.882269 0.000000 0.470745 0.434780 0.434780 0.434780
4885.425293 0.000000 369.429382 0.000000 0.132614 0.000000 -0.991168 0.714653 0.714653 0.714653
"}
object={
	name="rock_generator_1_3"
	clamp_to_water_level=no
	render_under_water=no
	generated_content=yes
	layer="rock_layer"
	pdxmesh="rock_M_mesh"
	count=4
	transform="4882.223145 0.000000 307.045258 0.000000 0.882603 0.000000 0.470120 0.534667 0.534667 0.534667
4876.261719 0.000000 311.518524 0.000000 0.076673 0.000000 -0.997056 0.986607 0.986607 0.986607
4880.009277 0.000000 332.035309 0.000000 0.999861 0.000000 0.016644 0.743101 0.743101 0.743101
4878.052246 0.000000 365.922577 0.000000 0.859818 0.000000 -0.510601 0.624240 0.624240 0.624240
"}
object={
	name="rock_generator_1_4"
	clamp_to_water_level=no
	render_under_water=no
	generated_content=yes
	layer="rock_layer"
	pdxmesh="rock_L_mesh"
	count=17
	transform="4861.279297 0.000000 318.361816 0.000000 0.827403 0.000000 -0.561609 0.584711 0.584711 0.584711
4859.177734 0.000000 312.389740 0.000000 0.483040 0.000000 -0.875598 0.657383 0.657383 0.657383
4875.977051 0.000000 308.357941 0.000000 0.189696 0.000000 -0.981843 0.679490 0.679490 0.679490
4874.711914 0.000000 314.336029 0.000000 0.826883 0.000000 0.562373 0.408896 0.408896 0.408896
4883.938477 0.000000 309.800842 0.000000 0.258638 0.000000 0.965974 0.345210 0.345210 0.345210
4877.512695 0.000000 308.948059 0.000000 0.183584 0.000000 0.983004 0.371418 0.371418 0.371418
4877.773926 0.000000 310.018250 0.000000 0.737003 0.000000 -0.675889 0.826584 0.826584 0.826584
4866.905762 0.000000 332.925964 0.000000 0.964401 0.000000 0.264444 0.590143 0.590143 0.590143
4867.268066 0.000000 335.323029 0.000000 0.758832 0.000000 -0.651286 0.604297 0.604297 0.604297
4881.831543 0.000000 332.061005 0.000000 0.887726 0.000000 -0.460373 0.860824 0.860824 0.860824
4882.477051 0.000000 330.971893 0.000000 0.587334 0.000000 0.809345 0.561230 0.561230 0.561230
4873.138184 0.000000 344.370422 0.000000 0.700180 0.000000 -0.713967 1.253103 1.253103 1.253103
4887.956055 0.000000 369.299866 0.000000 0.828402 0.000000 -0.560134 0.785838 0.785838 0.785838
4886.132812 0.000000 367.311951 0.000000 0.702172 0.000000 0.712007 0.393180 0.393180 0.393180
4878.700195 0.000000 364.839874 0.000000 0.154506 0.000000 0.987992 0.300322 0.300322 0.300322
4886.684570 0.000000 365.799774 0.000000 0.449848 0.000000 -0.893105 0.668710 0.668710 0.668710
4881.047852 0.000000 370.749298 0.000000 0.136158 0.000000 0.990687 0.489128 0.489128 0.489128
"}
