object={
	name="tree_pine_generator_1_0"
	clamp_to_water_level=no
	render_under_water=no
	generated_content=yes
	layer="tree_layer"
	pdxmesh="tree_pine_01_mesh"
	count=251
	transform="4734.824707 0.000000 283.821594 0.000000 0.553714 0.000000 0.832707 0.786590 0.786590 0.786590
4732.269531 0.000000 284.068604 0.000000 0.999317 0.000000 0.036940 1.011474 1.011474 1.011474
4734.895020 0.000000 285.566772 0.000000 0.783966 0.000000 0.620804 0.834645 0.834645 0.834645
4733.557129 0.000000 284.905853 0.000000 0.999705 0.000000 -0.024278 1.027552 1.027552 1.027552
4734.781738 0.000000 282.338562 0.000000 0.733520 0.000000 -0.679668 1.168290 1.168290 1.168290
4751.888184 0.000000 274.833679 0.000000 0.685539 0.000000 -0.728036 1.072724 1.072724 1.072724
4735.647461 0.000000 281.037720 0.000000 0.999375 0.000000 -0.035357 1.054770 1.054770 1.054770
4744.116699 0.000000 277.640533 0.000000 0.659304 0.000000 -0.751877 0.927998 0.927998 0.927998
4747.290039 0.000000 264.456757 0.000000 0.698736 0.000000 -0.715379 1.092993 1.092993 1.092993
4744.466797 0.000000 267.877106 0.000000 0.980221 0.000000 0.197905 0.936318 0.936318 0.936318
4747.992676 0.000000 276.365753 0.000000 0.055356 0.000000 -0.998467 2.182561 2.182561 2.182561
4741.674805 0.000000 274.577942 0.000000 0.982035 0.000000 0.188699 0.943671 0.943671 0.943671
4747.934082 0.000000 267.560730 0.000000 0.791045 0.000000 -0.611758 1.387513 1.387513 1.387513
4748.669922 0.000000 273.495728 0.000000 0.176620 0.000000 0.984279 0.775327 0.775327 0.775327
4757.867676 0.000000 268.430511 0.000000 0.249364 0.000000 0.968410 0.830660 0.830660 0.830660
4736.443848 0.000000 283.578979 0.000000 0.361348 0.000000 -0.932431 0.999084 0.999084 0.999084
4758.148438 0.000000 271.335388 0.000000 0.794985 0.000000 -0.606629 1.088442 1.088442 1.088442
4749.789062 0.000000 264.715637 0.000000 0.986621 0.000000 0.163031 0.966700 0.966700 0.966700
4748.813965 0.000000 269.746521 0.000000 0.261819 0.000000 -0.965117 1.035469 1.035469 1.035469
4742.880859 0.000000 269.625183 0.000000 0.925173 0.000000 0.379546 0.916579 0.916579 0.916579
4746.313477 0.000000 268.972809 0.000000 0.999854 0.000000 0.017064 1.077451 1.077451 1.077451
4740.794434 0.000000 272.618408 0.000000 0.999955 0.000000 -0.009444 0.947952 0.947952 0.947952
4743.344238 0.000000 275.687988 0.000000 0.834852 0.000000 -0.550474 1.148837 1.148837 1.148837
4743.018555 0.000000 266.251068 0.000000 0.208575 0.000000 -0.978006 1.491666 1.491666 1.491666
4750.667480 0.000000 273.121338 0.000000 0.252414 0.000000 0.967619 0.763421 0.763421 0.763421
4746.614258 0.000000 273.217529 0.000000 0.999914 0.000000 -0.013088 1.093925 1.093925 1.093925
4746.267090 0.000000 266.755066 0.000000 0.870550 0.000000 0.492081 0.862719 0.862719 0.862719
4743.342773 0.000000 273.675110 0.000000 0.730982 0.000000 -0.682397 1.082910 1.082910 1.082910
4746.886719 0.000000 274.944244 0.000000 0.686211 0.000000 0.727403 0.829263 0.829263 0.829263
4759.978516 0.000000 271.491119 0.000000 0.333915 0.000000 -0.942603 1.184692 1.184692 1.184692
4749.340820 0.000000 266.483490 0.000000 0.672092 0.000000 0.740467 0.563050 0.563050 0.563050
4753.514648 0.000000 273.669952 0.000000 0.954021 0.000000 -0.299739 1.040579 1.040579 1.040579
4735.445801 0.000000 284.896118 0.000000 0.854723 0.000000 0.519085 0.872225 0.872225 0.872225
4747.241211 0.000000 277.776367 0.000000 0.891759 0.000000 0.452511 0.855468 0.855468 0.855468
4752.136719 0.000000 272.936890 0.000000 0.894438 0.000000 0.447192 0.902581 0.902581 0.902581
4757.334473 0.000000 270.187286 0.000000 0.008509 0.000000 0.999964 0.508434 0.508434 0.508434
4735.512695 0.000000 282.453796 0.000000 0.806155 0.000000 0.591704 0.863933 0.863933 0.863933
4747.688477 0.000000 272.369019 0.000000 0.953050 0.000000 0.302813 0.954505 0.954505 0.954505
4747.418457 0.000000 269.871460 0.000000 0.786978 0.000000 0.616980 0.802018 0.802018 0.802018
4744.100098 0.000000 269.117920 0.000000 0.380900 0.000000 0.924616 0.652059 0.652059 0.652059
4756.877441 0.000000 271.376007 0.000000 0.477597 0.000000 -0.878579 1.432827 1.432827 1.432827
4747.561523 0.000000 273.956024 0.000000 0.992923 0.000000 -0.118758 1.139981 1.139981 1.139981
4746.851562 0.000000 267.948517 0.000000 0.167579 0.000000 0.985859 0.465375 0.465375 0.465375
4745.163574 0.000000 268.823364 0.000000 0.004886 0.000000 -0.999988 1.582179 1.582179 1.582179
4746.895508 0.000000 276.060455 0.000000 0.347873 0.000000 0.937542 0.356776 0.356776 0.356776
4746.563477 0.000000 272.188232 0.000000 0.930988 0.000000 -0.365049 1.250674 1.250674 1.250674
4746.376953 0.000000 277.329102 0.000000 0.955411 0.000000 0.295280 0.969011 0.969011 0.969011
4748.394531 0.000000 266.681488 0.000000 0.508861 0.000000 0.860849 0.407840 0.407840 0.407840
4749.040039 0.000000 267.332367 0.000000 0.652882 0.000000 -0.757460 1.856544 1.856544 1.856544
4747.124023 0.000000 276.906494 0.000000 0.998756 0.000000 -0.049869 1.202766 1.202766 1.202766
4795.866211 0.000000 259.205719 0.000000 0.346219 0.000000 0.938154 0.765087 0.765087 0.765087
4789.863770 0.000000 268.430511 0.000000 0.869321 0.000000 -0.494247 1.508978 1.508978 1.508978
4795.564941 0.000000 261.287994 0.000000 0.869492 0.000000 -0.493946 1.352625 1.352625 1.352625
4788.363770 0.000000 269.135712 0.000000 0.879273 0.000000 -0.476318 1.495415 1.495415 1.495415
4794.511230 0.000000 260.240173 0.000000 0.235228 0.000000 0.971940 0.464856 0.464856 0.464856
4794.446289 0.000000 261.911713 0.000000 0.996820 0.000000 -0.079688 1.142988 1.142988 1.142988
4795.525879 0.000000 260.126038 0.000000 0.968793 0.000000 0.247870 0.984504 0.984504 0.984504
4789.583008 0.000000 269.301147 0.000000 0.127524 0.000000 -0.991836 2.121397 2.121397 2.121397
4788.965332 0.000000 268.504395 0.000000 0.536433 0.000000 0.843943 0.502631 0.502631 0.502631
4745.905273 0.000000 317.452820 0.000000 0.214720 0.000000 -0.976676 1.200573 1.200573 1.200573
4741.969238 0.000000 290.517700 0.000000 0.019824 0.000000 0.999803 0.753621 0.753621 0.753621
4736.037598 0.000000 301.177216 0.000000 0.906297 0.000000 0.422641 0.905882 0.905882 0.905882
4741.577637 0.000000 293.433411 0.000000 0.627541 0.000000 0.778584 0.873764 0.873764 0.873764
4736.141602 0.000000 303.796936 0.000000 0.659549 0.000000 -0.751661 1.027502 1.027502 1.027502
4744.238281 0.000000 319.109283 0.000000 0.985115 0.000000 0.171895 1.033244 1.033244 1.033244
4740.128906 0.000000 291.813446 0.000000 0.868191 0.000000 -0.496231 1.038516 1.038516 1.038516
4737.769531 0.000000 302.589447 0.000000 0.680678 0.000000 -0.732583 1.024810 1.024810 1.024810
4743.583984 0.000000 291.434387 0.000000 0.253335 0.000000 -0.967379 1.741072 1.741072 1.741072
4740.291016 0.000000 290.052338 0.000000 0.058475 0.000000 -0.998289 1.175173 1.175173 1.175173
4739.283691 0.000000 303.330841 0.000000 0.761884 0.000000 0.647713 0.846640 0.846640 0.846640
4745.287598 0.000000 318.474976 0.000000 0.457677 0.000000 -0.889119 1.721930 1.721930 1.721930
4745.237305 0.000000 319.531616 0.000000 0.779067 0.000000 0.626941 0.759074 0.759074 0.759074
4742.543945 0.000000 291.424072 0.000000 0.317807 0.000000 0.948155 0.503204 0.503204 0.503204
4742.980469 0.000000 290.510712 0.000000 0.133991 0.000000 -0.990983 1.799888 1.799888 1.799888
4789.853027 0.000000 308.079834 0.000000 0.939957 0.000000 0.341293 0.933789 0.933789 0.933789
4791.619141 0.000000 309.516968 0.000000 0.436171 0.000000 0.899864 0.737217 0.737217 0.737217
4789.830078 0.000000 309.985413 0.000000 0.693908 0.000000 0.720064 0.779465 0.779465 0.779465
4788.625977 0.000000 308.549835 0.000000 0.870557 0.000000 0.492067 0.877503 0.877503 0.877503
4804.830078 0.000000 270.559814 0.000000 0.981129 0.000000 0.193356 0.937576 0.937576 0.937576
4826.753906 0.000000 281.958069 0.000000 0.997363 0.000000 -0.072578 0.956643 0.956643 0.956643
4810.841309 0.000000 271.194977 0.000000 0.722135 0.000000 -0.691752 0.917438 0.917438 0.917438
4822.640137 0.000000 285.431366 0.000000 0.831893 0.000000 0.554936 0.863629 0.863629 0.863629
4829.283203 0.000000 286.369629 0.000000 0.262021 0.000000 0.965062 0.855617 0.855617 0.855617
4802.608398 0.000000 272.894775 0.000000 0.374573 0.000000 -0.927197 1.046971 1.046971 1.046971
4802.110352 0.000000 275.371094 0.000000 0.805438 0.000000 0.592680 0.865380 0.865380 0.865380
4802.913574 0.000000 268.941589 0.000000 0.328408 0.000000 -0.944536 1.239560 1.239560 1.239560
4805.461426 0.000000 276.881104 0.000000 0.989849 0.000000 0.142121 1.018984 1.018984 1.018984
4820.760254 0.000000 286.941101 0.000000 0.994137 0.000000 0.108129 0.934996 0.934996 0.934996
4804.786621 0.000000 272.618408 0.000000 0.237573 0.000000 0.971370 0.380839 0.380839 0.380839
4810.606445 0.000000 273.217529 0.000000 0.298410 0.000000 -0.954438 1.397510 1.397510 1.397510
4825.057129 0.000000 280.720703 0.000000 0.184490 0.000000 0.982834 0.719079 0.719079 0.719079
4803.829102 0.000000 274.473694 0.000000 0.455543 0.000000 -0.890214 1.232963 1.232963 1.232963
4809.352539 0.000000 272.039795 0.000000 0.225721 0.000000 0.974192 0.570766 0.570766 0.570766
4803.275879 0.000000 271.338654 0.000000 0.346232 0.000000 0.938149 0.556401 0.556401 0.556401
4821.000000 0.000000 285.312622 0.000000 0.031048 0.000000 0.999518 0.600668 0.600668 0.600668
4811.680664 0.000000 272.369019 0.000000 0.979674 0.000000 0.200595 0.973499 0.973499 0.973499
4824.778320 0.000000 282.036499 0.000000 0.933074 0.000000 -0.359685 1.115567 1.115567 1.115567
4808.556152 0.000000 273.126373 0.000000 0.646302 0.000000 0.763082 0.744635 0.744635 0.744635
4804.845215 0.000000 275.622559 0.000000 0.790889 0.000000 -0.611960 1.543086 1.543086 1.543086
4803.684570 0.000000 270.017761 0.000000 0.968990 0.000000 0.247100 0.980079 0.980079 0.980079
4811.553711 0.000000 273.956024 0.000000 0.270915 0.000000 -0.962603 1.405785 1.405785 1.405785
4804.338379 0.000000 277.283813 0.000000 0.495717 0.000000 0.868484 0.652334 0.652334 0.652334
4804.688477 0.000000 273.729675 0.000000 0.543444 0.000000 -0.839446 1.700039 1.700039 1.700039
4804.811523 0.000000 274.697601 0.000000 0.150872 0.000000 -0.988553 2.000617 2.000617 2.000617
4804.045410 0.000000 275.350891 0.000000 0.719077 0.000000 0.694931 0.685009 0.685009 0.685009
4829.671387 0.000000 288.186188 0.000000 0.048962 0.000000 0.998801 0.164811 0.164811 0.164811
4828.185059 0.000000 289.856873 0.000000 0.843261 0.000000 -0.537505 1.539176 1.539176 1.539176
4828.495117 0.000000 288.622559 0.000000 0.901840 0.000000 -0.432070 1.459785 1.459785 1.459785
4829.029297 0.000000 289.327057 0.000000 0.218648 0.000000 0.975804 0.277592 0.277592 0.277592
4831.642090 0.000000 296.029022 0.000000 0.908651 0.000000 0.417557 0.901398 0.901398 0.901398
4840.378906 0.000000 293.139954 0.000000 0.440548 0.000000 0.897729 0.601353 0.601353 0.601353
4844.658203 0.000000 305.487915 0.000000 0.999734 0.000000 -0.023077 0.943075 0.943075 0.943075
4842.819824 0.000000 294.061279 0.000000 0.696277 0.000000 -0.717773 1.197044 1.197044 1.197044
4833.745605 0.000000 296.647247 0.000000 0.417267 0.000000 0.908784 0.665495 0.665495 0.665495
4845.813965 0.000000 307.354095 0.000000 0.996324 0.000000 0.085671 1.079591 1.079591 1.079591
4840.811523 0.000000 295.267212 0.000000 0.696641 0.000000 -0.717420 1.355191 1.355191 1.355191
4833.538086 0.000000 294.460632 0.000000 0.908620 0.000000 -0.417624 1.215056 1.215056 1.215056
4841.905762 0.000000 292.363525 0.000000 0.752799 0.000000 0.658250 0.774796 0.774796 0.774796
4832.185059 0.000000 294.751984 0.000000 0.804262 0.000000 0.594275 0.830971 0.830971 0.830971
4844.404785 0.000000 306.848450 0.000000 0.442897 0.000000 0.896573 0.525778 0.525778 0.525778
4832.386230 0.000000 297.171753 0.000000 0.662410 0.000000 0.749141 0.764944 0.764944 0.764944
4841.428711 0.000000 293.970795 0.000000 0.059229 0.000000 0.998244 0.427537 0.427537 0.427537
4832.846680 0.000000 295.767731 0.000000 0.878642 0.000000 0.477482 0.880846 0.880846 0.880846
4845.895508 0.000000 306.108643 0.000000 0.011168 0.000000 -0.999938 1.967578 1.967578 1.967578
4840.337891 0.000000 294.254120 0.000000 0.670909 0.000000 -0.741540 1.368100 1.368100 1.368100
4844.856445 0.000000 307.773987 0.000000 0.338476 0.000000 -0.940975 1.787257 1.787257 1.787257
4747.684570 0.000000 323.702667 0.000000 0.460982 0.000000 -0.887409 1.325055 1.325055 1.325055
4747.290039 0.000000 328.441132 0.000000 0.999998 0.000000 0.002121 1.006574 1.006574 1.006574
4743.452148 0.000000 345.933746 0.000000 0.377626 0.000000 0.925958 0.736271 0.736271 0.736271
4745.205078 0.000000 319.962891 0.000000 0.962935 0.000000 -0.269733 1.275376 1.275376 1.275376
4744.390625 0.000000 325.132141 0.000000 0.256218 0.000000 -0.966619 1.027178 1.027178 1.027178
4743.627441 0.000000 335.770569 0.000000 0.830779 0.000000 0.556603 0.895864 0.895864 0.895864
4745.209961 0.000000 322.615234 0.000000 0.853498 0.000000 -0.521096 1.001437 1.001437 1.001437
4744.943848 0.000000 329.401276 0.000000 0.477794 0.000000 -0.878472 1.531616 1.531616 1.531616
4746.831543 0.000000 326.053467 0.000000 0.216130 0.000000 0.976365 0.521869 0.521869 0.521869
4744.823242 0.000000 327.259399 0.000000 0.128750 0.000000 -0.991677 1.331720 1.331720 1.331720
4744.871582 0.000000 347.551819 0.000000 0.990353 0.000000 0.138569 0.933911 0.933911 0.933911
4744.875977 0.000000 334.252014 0.000000 0.355668 0.000000 -0.934612 1.069586 1.069586 1.069586
4747.112793 0.000000 321.821014 0.000000 0.929027 0.000000 -0.370013 1.208094 1.208094 1.208094
4743.342773 0.000000 337.659485 0.000000 0.508743 0.000000 -0.860919 1.208027 1.208027 1.208027
4745.179688 0.000000 345.420929 0.000000 0.133839 0.000000 -0.991003 1.325400 1.325400 1.325400
4745.360352 0.000000 336.024170 0.000000 0.220229 0.000000 -0.975448 1.663593 1.663593 1.663593
4742.816895 0.000000 344.174805 0.000000 0.994065 0.000000 -0.108788 1.031998 1.031998 1.031998
4747.774902 0.000000 329.961334 0.000000 0.483529 0.000000 0.875328 0.763143 0.763143 0.763143
4746.730469 0.000000 320.311859 0.000000 0.770242 0.000000 -0.637752 1.325365 1.325365 1.325365
4745.838379 0.000000 328.287537 0.000000 0.985741 0.000000 -0.168269 1.153167 1.153167 1.153167
4744.563965 0.000000 337.110748 0.000000 0.675773 0.000000 -0.737110 1.440876 1.440876 1.440876
4746.470215 0.000000 322.980103 0.000000 0.464346 0.000000 0.885654 0.727749 0.727749 0.727749
4746.517578 0.000000 329.440735 0.000000 0.977290 0.000000 -0.211908 1.055912 1.055912 1.055912
4746.660156 0.000000 327.271973 0.000000 0.896454 0.000000 -0.443138 1.269391 1.269391 1.269391
4747.606445 0.000000 326.735962 0.000000 0.999602 0.000000 0.028204 1.068363 1.068363 1.068363
4745.530762 0.000000 337.181458 0.000000 0.999982 0.000000 -0.006039 1.088469 1.088469 1.088469
4744.183594 0.000000 319.954498 0.000000 0.668784 0.000000 0.743457 0.671857 0.671857 0.671857
4771.079590 0.000000 330.422089 0.000000 0.231820 0.000000 0.972759 0.485338 0.485338 0.485338
4773.609375 0.000000 331.695129 0.000000 0.930567 0.000000 -0.366122 1.046703 1.046703 1.046703
4781.821777 0.000000 339.346283 0.000000 0.307740 0.000000 -0.951470 1.276229 1.276229 1.276229
4778.882812 0.000000 338.928619 0.000000 0.763969 0.000000 -0.645253 1.218085 1.218085 1.218085
4772.013672 0.000000 331.760681 0.000000 0.862259 0.000000 -0.506467 1.073526 1.073526 1.073526
4780.412598 0.000000 338.840637 0.000000 0.806396 0.000000 0.591376 0.864593 0.864593 0.864593
4770.774902 0.000000 331.631744 0.000000 0.081980 0.000000 0.996634 0.415909 0.415909 0.415909
4770.059082 0.000000 330.874969 0.000000 0.375614 0.000000 -0.926776 1.638523 1.638523 1.638523
4753.814941 0.000000 357.545441 0.000000 0.202119 0.000000 -0.979361 1.226717 1.226717 1.226717
4751.336914 0.000000 355.411011 0.000000 0.852392 0.000000 0.522904 0.894032 0.894032 0.894032
4756.983887 0.000000 362.511200 0.000000 0.386033 0.000000 0.922485 0.803574 0.803574 0.803574
4759.944336 0.000000 363.639313 0.000000 0.089124 0.000000 -0.996021 1.944012 1.944012 1.944012
4752.057129 0.000000 357.108917 0.000000 0.160147 0.000000 0.987093 0.735140 0.735140 0.735140
4753.105957 0.000000 355.582489 0.000000 0.532934 0.000000 0.846157 0.556629 0.556629 0.556629
4758.586426 0.000000 363.024963 0.000000 0.411432 0.000000 -0.911440 1.759939 1.759939 1.759939
4753.161621 0.000000 354.485016 0.000000 0.983320 0.000000 0.181883 1.033261 1.033261 1.033261
4752.188477 0.000000 354.863281 0.000000 0.966013 0.000000 0.258493 0.987919 0.987919 0.987919
4758.020508 0.000000 362.273224 0.000000 0.442603 0.000000 -0.896718 1.740984 1.740984 1.740984
4759.407227 0.000000 362.480164 0.000000 0.310640 0.000000 -0.950528 1.819407 1.819407 1.819407
4774.647949 0.000000 360.212189 0.000000 0.975976 0.000000 0.217878 0.925021 0.925021 0.925021
4768.033691 0.000000 365.161591 0.000000 0.995895 0.000000 0.090519 0.985396 0.985396 0.985396
4792.515137 0.000000 365.762543 0.000000 0.731938 0.000000 -0.681371 1.258112 1.258112 1.258112
4779.286133 0.000000 360.433319 0.000000 0.943998 0.000000 -0.329951 0.954870 0.954870 0.954870
4786.914551 0.000000 361.808502 0.000000 0.739585 0.000000 -0.673063 1.105971 1.105971 1.105971
4779.930176 0.000000 363.537292 0.000000 0.758815 0.000000 -0.651306 1.104122 1.104122 1.104122
4782.833984 0.000000 373.668793 0.000000 0.186248 0.000000 0.982503 0.825182 0.825182 0.825182
4795.299805 0.000000 365.252777 0.000000 0.752090 0.000000 -0.659061 1.467712 1.467712 1.467712
4784.332520 0.000000 360.362518 0.000000 0.597960 0.000000 -0.801526 1.845663 1.845663 1.845663
4770.917480 0.000000 364.918152 0.000000 0.064587 0.000000 -0.997912 1.164218 1.164218 1.164218
4781.785156 0.000000 360.692200 0.000000 0.998765 0.000000 0.049693 0.947619 0.947619 0.947619
4788.979980 0.000000 362.511200 0.000000 0.969861 0.000000 -0.243659 1.189353 1.189353 1.189353
4784.636230 0.000000 381.279022 0.000000 0.210596 0.000000 -0.977573 1.163409 1.163409 1.163409
4773.043945 0.000000 361.632538 0.000000 0.098516 0.000000 0.995135 0.721379 0.721379 0.721379
4785.187500 0.000000 362.950470 0.000000 0.736645 0.000000 -0.676280 1.075462 1.075462 1.075462
4785.302246 0.000000 372.189453 0.000000 0.271296 0.000000 -0.962496 1.949285 1.949285 1.949285
4782.691895 0.000000 381.102203 0.000000 0.550183 0.000000 0.835044 0.748361 0.748361 0.748361
4778.263184 0.000000 362.731628 0.000000 0.137026 0.000000 0.990567 0.736286 0.736286 0.736286
4775.117188 0.000000 358.436676 0.000000 0.433950 0.000000 -0.900937 1.101171 1.101171 1.101171
4781.336914 0.000000 362.460052 0.000000 0.026031 0.000000 -0.999661 1.483090 1.483090 1.483090
4773.309082 0.000000 359.147888 0.000000 0.945589 0.000000 -0.325364 1.106077 1.106077 1.106077
4793.644043 0.000000 364.469543 0.000000 0.370038 0.000000 -0.929017 1.389524 1.389524 1.389524
4785.801270 0.000000 360.759399 0.000000 0.975431 0.000000 0.220303 1.025356 1.025356 1.025356
4784.218262 0.000000 361.848419 0.000000 0.422474 0.000000 -0.906375 1.991485 1.991485 1.991485
4769.534668 0.000000 367.951050 0.000000 0.492097 0.000000 -0.870540 1.203845 1.203845 1.203845
4782.202637 0.000000 379.805603 0.000000 0.987960 0.000000 0.154712 1.022752 1.022752 1.022752
4769.653320 0.000000 365.241791 0.000000 0.840059 0.000000 -0.542495 1.135478 1.135478 1.135478
4788.395996 0.000000 363.801056 0.000000 0.745609 0.000000 0.666384 0.774617 0.774617 0.774617
4784.777344 0.000000 373.365112 0.000000 0.992381 0.000000 0.123206 1.075758 1.075758 1.075758
4772.538574 0.000000 358.160370 0.000000 0.972695 0.000000 0.232087 0.959163 0.959163 0.959163
4786.488770 0.000000 362.964081 0.000000 0.298253 0.000000 0.954487 0.490293 0.490293 0.490293
4787.730469 0.000000 362.733459 0.000000 0.999541 0.000000 0.030305 1.092315 1.092315 1.092315
4785.769531 0.000000 361.921265 0.000000 0.335962 0.000000 0.941876 0.308960 0.308960 0.308960
4794.783203 0.000000 364.243774 0.000000 0.076806 0.000000 -0.997046 1.852021 1.852021 1.852021
4782.573242 0.000000 378.629456 0.000000 0.667016 0.000000 -0.745044 1.465226 1.465226 1.465226
4783.751953 0.000000 378.194885 0.000000 0.001160 0.000000 0.999999 0.394407 0.394407 0.394407
4789.497559 0.000000 363.435333 0.000000 0.048988 0.000000 0.998799 0.437703 0.437703 0.437703
4784.920898 0.000000 361.169403 0.000000 0.701486 0.000000 -0.712683 1.748443 1.748443 1.748443
4794.351562 0.000000 365.136108 0.000000 0.374638 0.000000 0.927171 0.521582 0.521582 0.521582
4785.605957 0.000000 373.011292 0.000000 0.183530 0.000000 0.983014 0.298763 0.298763 0.298763
4785.165039 0.000000 360.210175 0.000000 0.247584 0.000000 0.968866 0.243133 0.243133 0.243133
4822.909668 0.000000 329.625061 0.000000 0.999400 0.000000 -0.034637 0.908785 0.908785 0.908785
4823.963867 0.000000 337.307678 0.000000 0.826522 0.000000 0.562905 0.877602 0.877602 0.877602
4825.926270 0.000000 330.728943 0.000000 0.083862 0.000000 0.996477 0.288546 0.288546 0.288546
4821.433105 0.000000 337.437195 0.000000 0.998923 0.000000 -0.046398 0.998125 0.998125 0.998125
4823.936523 0.000000 331.647125 0.000000 0.999668 0.000000 -0.025779 0.970607 0.970607 0.970607
4823.800293 0.000000 339.429321 0.000000 0.684260 0.000000 0.729238 0.853663 0.853663 0.853663
4820.521973 0.000000 338.945374 0.000000 0.282360 0.000000 0.959308 0.788142 0.788142 0.788142
4824.341797 0.000000 330.247864 0.000000 0.998702 0.000000 0.050932 1.107412 1.107412 1.107412
4822.760742 0.000000 336.575653 0.000000 0.000439 0.000000 1.000000 0.697659 0.697659 0.697659
4825.047852 0.000000 331.517365 0.000000 0.142666 0.000000 0.989771 0.322304 0.322304 0.322304
4843.672852 0.000000 323.702667 0.000000 0.107255 0.000000 0.994232 0.891485 0.891485 0.891485
4842.837402 0.000000 335.179352 0.000000 0.564555 0.000000 -0.825396 1.772167 1.772167 1.772167
4837.343750 0.000000 347.004761 0.000000 0.706604 0.000000 -0.707609 1.437324 1.437324 1.437324
4842.301758 0.000000 332.957184 0.000000 0.977623 0.000000 0.210364 0.925710 0.925710 0.925710
4845.496582 0.000000 322.295959 0.000000 0.287286 0.000000 0.957845 0.760484 0.760484 0.760484
4845.568848 0.000000 324.481598 0.000000 0.919293 0.000000 0.393573 0.899516 0.899516 0.899516
4835.649414 0.000000 347.398804 0.000000 0.463367 0.000000 0.886167 0.756050 0.756050 0.756050
4844.260254 0.000000 325.340668 0.000000 0.458809 0.000000 -0.888535 1.890715 1.890715 1.890715
4834.250488 0.000000 347.046356 0.000000 0.707694 0.000000 0.706519 0.826550 0.826550 0.826550
4842.081055 0.000000 334.234314 0.000000 0.027082 0.000000 -0.999633 2.134719 2.134719 2.134719
4836.312012 0.000000 346.416992 0.000000 0.837488 0.000000 0.546456 0.835589 0.835589 0.835589
4845.305176 0.000000 325.798340 0.000000 0.281614 0.000000 -0.959528 2.017159 2.017159 2.017159
4836.576660 0.000000 347.990173 0.000000 0.780772 0.000000 -0.624817 1.388270 1.388270 1.388270
4844.571289 0.000000 324.374542 0.000000 0.272465 0.000000 -0.962166 2.023457 2.023457 2.023457
4845.920410 0.000000 325.248047 0.000000 0.984953 0.000000 0.172822 1.052179 1.052179 1.052179
4815.044922 0.000000 362.831085 0.000000 0.999790 0.000000 -0.020513 0.982182 0.982182 0.982182
4826.458496 0.000000 359.146210 0.000000 0.761133 0.000000 0.648595 0.879736 0.879736 0.879736
4825.304199 0.000000 357.398834 0.000000 0.804094 0.000000 0.594502 0.863748 0.863748 0.863748
4827.561035 0.000000 357.264557 0.000000 0.067015 0.000000 0.997752 0.802283 0.802283 0.802283
4814.708008 0.000000 364.839874 0.000000 0.638835 0.000000 -0.769343 1.558487 1.558487 1.558487
4800.327148 0.000000 355.943176 0.000000 0.630909 0.000000 0.775857 0.715258 0.715258 0.715258
4800.648926 0.000000 353.537445 0.000000 0.997675 0.000000 0.068149 1.001303 1.001303 1.001303
4801.309570 0.000000 354.953400 0.000000 0.461719 0.000000 -0.887026 1.525409 1.525409 1.525409
4825.158203 0.000000 359.612183 0.000000 0.268692 0.000000 -0.963226 1.501862 1.501862 1.501862
4824.363281 0.000000 356.297974 0.000000 0.542119 0.000000 0.840302 0.785112 0.785112 0.785112
4814.060059 0.000000 365.922577 0.000000 0.996976 0.000000 0.077713 1.074738 1.074738 1.074738
4815.750977 0.000000 365.584625 0.000000 0.898730 0.000000 -0.438502 1.343909 1.343909 1.343909
4825.085938 0.000000 358.456268 0.000000 0.838056 0.000000 -0.545584 1.253066 1.253066 1.253066
"}
