object={
	name="tree_cypress_generator_1_0"
	clamp_to_water_level=no
	render_under_water=no
	generated_content=yes
	layer="tree_layer"
	pdxmesh="tree_cypress_01_mesh"
	count=84
	transform="4793.267090 0.000000 210.370316 0.000000 0.976102 0.000000 0.217311 0.777687 0.777687 0.777687
4784.312988 0.000000 202.409103 0.000000 0.807572 0.000000 0.589769 0.735750 0.735750 0.735750
4786.092285 0.000000 208.518341 0.000000 0.740282 0.000000 -0.672296 0.875101 0.875101 0.875101
4779.926270 0.000000 203.119217 0.000000 0.646508 0.000000 0.762907 0.711607 0.711607 0.711607
4790.363281 0.000000 213.603424 0.000000 0.171269 0.000000 0.985224 0.657532 0.657532 0.657532
4793.755371 0.000000 215.112778 0.000000 0.160964 0.000000 0.986960 0.656467 0.656467 0.656467
4790.026367 0.000000 210.147888 0.000000 0.675912 0.000000 0.736982 0.715600 0.715600 0.715600
4759.561523 0.000000 266.909149 0.000000 0.970197 0.000000 -0.242316 0.824930 0.824930 0.824930
4754.024902 0.000000 278.896301 0.000000 0.881547 0.000000 0.472096 0.749919 0.749919 0.749919
4754.096191 0.000000 272.502716 0.000000 0.902799 0.000000 0.430063 0.754717 0.754717 0.754717
4751.079590 0.000000 283.904388 0.000000 0.321160 0.000000 -0.947025 0.926697 0.926697 0.926697
4758.491211 0.000000 271.080688 0.000000 0.565711 0.000000 0.824603 0.701247 0.701247 0.701247
4749.674316 0.000000 287.424164 0.000000 0.664656 0.000000 -0.747150 0.885945 0.885945 0.885945
4755.345703 0.000000 275.657074 0.000000 0.524711 0.000000 -0.851280 0.903735 0.903735 0.903735
4796.624023 0.000000 262.700256 0.000000 0.996065 0.000000 -0.088622 0.809039 0.809039 0.809039
4745.905273 0.000000 317.452820 0.000000 0.214720 0.000000 -0.976676 0.937957 0.937957 0.937957
4746.909180 0.000000 303.645630 0.000000 0.963247 0.000000 0.268617 0.772299 0.772299 0.772299
4749.605957 0.000000 291.762054 0.000000 0.444271 0.000000 -0.895892 0.913108 0.913108 0.913108
4743.955566 0.000000 296.638489 0.000000 0.907067 0.000000 -0.420986 0.844261 0.844261 0.844261
4743.642578 0.000000 310.608734 0.000000 0.234363 0.000000 -0.972149 0.935904 0.935904 0.935904
4746.209473 0.000000 288.106689 0.000000 0.999054 0.000000 0.043485 0.795569 0.795569 0.795569
4743.525391 0.000000 301.223480 0.000000 0.100194 0.000000 0.994968 0.650223 0.650223 0.650223
4742.136230 0.000000 316.153717 0.000000 0.392886 0.000000 -0.919587 0.918873 0.918873 0.918873
4743.213867 0.000000 304.404144 0.000000 0.993365 0.000000 -0.115008 0.811741 0.811741 0.811741
4746.786133 0.000000 295.089539 0.000000 0.100871 0.000000 0.994900 0.650292 0.650292 0.650292
4827.734863 0.000000 282.114563 0.000000 0.997363 0.000000 -0.072578 0.807399 0.807399 0.807399
4825.263184 0.000000 274.354706 0.000000 0.552698 0.000000 0.833382 0.699649 0.699649 0.699649
4812.899414 0.000000 276.840240 0.000000 0.625634 0.000000 0.780117 0.708851 0.708851 0.708851
4822.236328 0.000000 282.165131 0.000000 0.715797 0.000000 -0.698309 0.878740 0.878740 0.878740
4822.359375 0.000000 277.587799 0.000000 0.960134 0.000000 0.279540 0.771142 0.771142 0.771142
4807.517578 0.000000 269.231293 0.000000 0.949108 0.000000 -0.314950 0.832636 0.832636 0.832636
4803.815430 0.000000 266.101562 0.000000 0.860033 0.000000 -0.510239 0.854542 0.854542 0.854542
4809.227051 0.000000 275.047150 0.000000 0.797684 0.000000 -0.603076 0.865939 0.865939 0.865939
4838.124512 0.000000 284.161530 0.000000 0.999432 0.000000 0.033705 0.796566 0.796566 0.796566
4841.893555 0.000000 317.452820 0.000000 0.462515 0.000000 0.886612 0.688977 0.688977 0.688977
4845.594238 0.000000 291.762054 0.000000 0.446189 0.000000 0.894939 0.687110 0.687110 0.687110
4847.067871 0.000000 315.896576 0.000000 0.975006 0.000000 -0.222177 0.822821 0.822821 0.822821
4842.197754 0.000000 288.106689 0.000000 0.827403 0.000000 -0.561609 0.860742 0.860742 0.860742
4851.374512 0.000000 300.721558 0.000000 0.885663 0.000000 0.464328 0.750815 0.750815 0.750815
4845.662598 0.000000 319.416351 0.000000 0.448717 0.000000 -0.893674 0.912602 0.912602 0.912602
4851.333984 0.000000 307.649261 0.000000 1.000000 0.000000 -0.000449 0.800046 0.800046 0.800046
4746.909180 0.000000 335.637817 0.000000 0.460982 0.000000 -0.887409 0.911199 0.911199 0.911199
4746.209473 0.000000 320.098877 0.000000 0.512058 0.000000 0.858951 0.694757 0.694757 0.694757
4747.930176 0.000000 331.087952 0.000000 0.582589 0.000000 0.812767 0.703347 0.703347 0.703347
4745.241699 0.000000 324.433685 0.000000 0.219586 0.000000 0.975593 0.662551 0.662551 0.662551
4750.889160 0.000000 334.051575 0.000000 0.998807 0.000000 -0.048823 0.804975 0.804975 0.804975
4750.780273 0.000000 337.826263 0.000000 0.983970 0.000000 -0.178332 0.818263 0.818263 0.818263
4746.786133 0.000000 327.081726 0.000000 0.993472 0.000000 -0.114079 0.811645 0.811645 0.811645
4756.726562 0.000000 343.839264 0.000000 0.320178 0.000000 0.947358 0.673198 0.673198 0.673198
4786.020996 0.000000 342.880676 0.000000 0.302366 0.000000 -0.953192 0.928712 0.928712 0.928712
4793.267090 0.000000 338.339081 0.000000 0.985943 0.000000 -0.167080 0.817099 0.817099 0.817099
4770.199219 0.000000 349.199890 0.000000 0.041996 0.000000 0.999118 0.644279 0.644279 0.644279
4775.638672 0.000000 342.600922 0.000000 0.202523 0.000000 0.979278 0.660773 0.660773 0.660773
4780.903320 0.000000 340.824615 0.000000 0.153137 0.000000 0.988205 0.655660 0.655660 0.655660
4771.699219 0.000000 344.855988 0.000000 0.335409 0.000000 -0.942073 0.925160 0.925160 0.925160
4779.253906 0.000000 345.129669 0.000000 0.134787 0.000000 -0.990875 0.946229 0.946229 0.946229
4790.363281 0.000000 341.572174 0.000000 0.358843 0.000000 -0.933398 0.922615 0.922615 0.922615
4767.668945 0.000000 345.480164 0.000000 0.071891 0.000000 -0.997413 0.952671 0.952671 0.952671
4790.026367 0.000000 338.116638 0.000000 0.902316 0.000000 0.431076 0.754603 0.754603 0.754603
4795.765625 0.000000 339.720001 0.000000 0.228779 0.000000 -0.973478 0.936488 0.936488 0.936488
4825.263184 0.000000 338.339081 0.000000 0.128422 0.000000 -0.991720 0.946883 0.946883 0.946883
4818.088379 0.000000 336.487091 0.000000 0.696233 0.000000 -0.717816 0.881555 0.881555 0.881555
4812.899414 0.000000 340.824615 0.000000 0.971026 0.000000 0.238973 0.775421 0.775421 0.775421
4805.100586 0.000000 338.825897 0.000000 0.884894 0.000000 -0.465793 0.849354 0.849354 0.849354
4830.049316 0.000000 337.997833 0.000000 0.857990 0.000000 0.513667 0.745052 0.745052 0.745052
4809.227051 0.000000 339.031525 0.000000 0.998425 0.000000 0.056098 0.794283 0.794283 0.794283
4819.337891 0.000000 339.641449 0.000000 0.701065 0.000000 -0.713097 0.880867 0.880867 0.880867
4803.542969 0.000000 341.668121 0.000000 0.725615 0.000000 -0.688101 0.877298 0.877298 0.877298
4825.002441 0.000000 347.204620 0.000000 0.289733 0.000000 -0.957108 0.930059 0.930059 0.930059
4830.498047 0.000000 345.464966 0.000000 0.287126 0.000000 -0.957893 0.930336 0.930336 0.930336
4842.897461 0.000000 335.637817 0.000000 0.107255 0.000000 0.994232 0.650946 0.650946 0.650946
4832.398438 0.000000 341.427551 0.000000 0.981798 0.000000 0.189926 0.780536 0.780536 0.780536
4839.943848 0.000000 328.630676 0.000000 0.691128 0.000000 0.722732 0.717723 0.717723 0.717723
4835.494141 0.000000 334.584076 0.000000 0.959775 0.000000 -0.280770 0.828989 0.828989 0.828989
4839.630859 0.000000 342.600922 0.000000 0.397159 0.000000 -0.917750 0.918399 0.918399 0.918399
4852.903320 0.000000 323.895203 0.000000 0.809821 0.000000 0.586677 0.736139 0.736139 0.736139
4842.197754 0.000000 320.098877 0.000000 0.969046 0.000000 -0.246881 0.825410 0.825410 0.825410
4837.096680 0.000000 338.825897 0.000000 0.874659 0.000000 0.484739 0.748453 0.748453 0.748453
4831.767578 0.000000 337.004700 0.000000 0.717280 0.000000 0.696785 0.721476 0.721476 0.721476
4843.918457 0.000000 331.087952 0.000000 0.600618 0.000000 -0.799536 0.894375 0.894375 0.894375
4841.229980 0.000000 324.433685 0.000000 0.545150 0.000000 0.838338 0.698729 0.698729 0.698729
4831.661133 0.000000 345.480164 0.000000 0.654986 0.000000 -0.755641 0.887256 0.887256 0.887256
4849.171875 0.000000 325.494324 0.000000 0.195141 0.000000 0.980775 0.660005 0.660005 0.660005
4839.202148 0.000000 336.396332 0.000000 0.596415 0.000000 -0.802676 0.894909 0.894909 0.894909
"}
